5021958880000001
5021958880000002
5021958880000003
5021958880000004
5021958880000005
5021958880000006
5021958880000007
5021958880000008
5021958880000009
5021958880000010
5021958880000011
5021958880000012
5021958880000013
5021958880000014
5021958880000015
5021958880000016
5021958880000017
5021958880000018
5021958880000019
5021958880000020
5021958880000021
5021958880000022
5021958880000023
5021958880000024
5021958880000025
5021958880000026
5021958880000027
5021958880000028
5021958880000029
5021958880000030
5021958880000031
5021958880000032
5021958880000033
5021958880000034
5021958880000035
5021958880000036
5021958880000037
5021958880000038
5021958880000039
5021958880000040
5021958880000041
5021958880000042
5021958880000043
5021958880000044
5021958880000045
5021958880000046
5021958880000047
5021958880000048
5021958880000049
5021958880000050
5021958880000051
5021958880000052
5021958880000053
5021958880000054
5021958880000055
5021958880000056
5021958880000057
5021958880000058
5021958880000059
5021958880000060
5021958880000061
5021958880000062
5021958880000063
5021958880000064
5021958880000065
5021958880000066
5021958880000067
5021958880000068
5021958880000069
5021958880000070
5021958880000071
5021958880000072
5021958880000073
5021958880000074
5021958880000075
5021958880000076
5021958880000077
5021958880000078
5021958880000079
5021958880000080
5021958880000081
5021958880000082
5021958880000083
5021958880000084
5021958880000085
5021958880000086
5021958880000087
5021958880000088
5021958880000089
5021958880000090
5021958880000091
5021958880000092
5021958880000093
5021958880000094
5021958880000095
5021958880000096
5021958880000097
5021958880000098
5021958880000099
5021958880000100
5021958880000100
5021958880000101
5021958880000101
5021958880000102
5021958880000102
5021958880000103
5021958880000103
5021958880000104
5021958880000104
5021958880000105
5021958880000105
5021958880000106
5021958880000106
5021958880000107
5021958880000107
5021958880000108
5021958880000108
5021958880000109
5021958880000109
5021958880000110
5021958880000110
5021958880000111
5021958880000111
5021958880000112
5021958880000112
5021958880000113
5021958880000113
5021958880000114
5021958880000114
5021958880000115
5021958880000115
5021958880000116
5021958880000116
5021958880000117
5021958880000117
5021958880000118
5021958880000118
5021958880000119
5021958880000119
5021958880000120
5021958880000120
5021958880000121
5021958880000121
5021958880000122
5021958880000122
5021958880000123
5021958880000123
5021958880000124
5021958880000124
5021958880000125
5021958880000125
5021958880000126
5021958880000126
5021958880000127
5021958880000127
5021958880000128
5021958880000128
5021958880000129
5021958880000129
5021958880000130
5021958880000130
5021958880000131
5021958880000131
5021958880000132
5021958880000132
5021958880000133
5021958880000133
5021958880000134
5021958880000134
5021958880000135
5021958880000135
5021958880000136
5021958880000136
5021958880000137
5021958880000137
5021958880000138
5021958880000138
5021958880000139
5021958880000139
5021958880000140
5021958880000140
5021958880000141
5021958880000141
5021958880000142
5021958880000142
5021958880000143
5021958880000143
5021958880000144
5021958880000144
5021958880000145
5021958880000145
5021958880000146
5021958880000146
5021958880000147
5021958880000147
5021958880000148
5021958880000148
5021958880000149
5021958880000149
5021958880000150
5021958880000150
5021958880000151
5021958880000151
5021958880000152
5021958880000152
5021958880000153
5021958880000153
5021958880000154
5021958880000154
5021958880000155
5021958880000155
5021958880000156
5021958880000156
5021958880000157
5021958880000157
5021958880000158
5021958880000158
5021958880000159
5021958880000159
5021958880000160
5021958880000160
5021958880000161
5021958880000161
5021958880000162
5021958880000162
5021958880000163
5021958880000163
5021958880000164
5021958880000164
5021958880000165
5021958880000165
5021958880000166
5021958880000166
5021958880000167
5021958880000167
5021958880000168
5021958880000168
5021958880000169
5021958880000169
5021958880000170
5021958880000170
5021958880000171
5021958880000171
5021958880000172
5021958880000172
5021958880000173
5021958880000173
5021958880000174
5021958880000174
5021958880000175
5021958880000175
5021958880000176
5021958880000176
5021958880000177
5021958880000177
5021958880000178
5021958880000178
5021958880000179
5021958880000179
5021958880000180
5021958880000180
5021958880000181
5021958880000181
5021958880000182
5021958880000182
5021958880000183
5021958880000183
5021958880000184
5021958880000184
5021958880000185
5021958880000185
5021958880000186
5021958880000186
5021958880000187
5021958880000187
5021958880000188
5021958880000188
5021958880000189
5021958880000189
5021958880000190
5021958880000190
5021958880000191
5021958880000191
5021958880000192
5021958880000192
5021958880000193
5021958880000193
5021958880000194
5021958880000194
5021958880000195
5021958880000195
5021958880000196
5021958880000196
5021958880000197
5021958880000197
5021958880000198
5021958880000198
5021958880000199
5021958880000199
5021958880000200
5021958880000200
5021958880000201
5021958880000201
5021958880000202
5021958880000202
5021958880000203
5021958880000203
5021958880000204
5021958880000204
5021958880000205
5021958880000205
5021958880000206
5021958880000206
5021958880000207
5021958880000207
5021958880000208
5021958880000208
5021958880000209
5021958880000209
5021958880000210
5021958880000210
5021958880000211
5021958880000211
5021958880000212
5021958880000212
5021958880000213
5021958880000213
5021958880000214
5021958880000214
5021958880000215
5021958880000215
5021958880000216
5021958880000216
5021958880000217
5021958880000217
5021958880000218
5021958880000218
5021958880000219
5021958880000219
5021958880000220
5021958880000220
5021958880000221
5021958880000221
5021958880000222
5021958880000222
5021958880000223
5021958880000223
5021958880000224
5021958880000224
5021958880000225
5021958880000225
5021958880000226
5021958880000226
5021958880000227
5021958880000227
5021958880000228
5021958880000228
5021958880000229
5021958880000229
5021958880000230
5021958880000230
5021958880000231
5021958880000231
5021958880000232
5021958880000232
5021958880000233
5021958880000233
5021958880000234
5021958880000234
5021958880000235
5021958880000235
5021958880000236
5021958880000236
5021958880000237
5021958880000237
5021958880000238
5021958880000238
5021958880000239
5021958880000239
5021958880000240
5021958880000240
5021958880000241
5021958880000241
5021958880000242
5021958880000242
5021958880000243
5021958880000243
5021958880000244
5021958880000244
5021958880000245
5021958880000245
5021958880000246
5021958880000246
5021958880000247
5021958880000247
5021958880000248
5021958880000248
5021958880000249
5021958880000249
5021958880000250
5021958880000250
5021958880000251
5021958880000251
5021958880000252
5021958880000252
5021958880000253
5021958880000253
5021958880000254
5021958880000254
5021958880000255
5021958880000255
5021958880000256
5021958880000256
5021958880000257
5021958880000257
5021958880000258
5021958880000258
5021958880000259
5021958880000259
5021958880000260
5021958880000260
5021958880000261
5021958880000261
5021958880000262
5021958880000262
5021958880000263
5021958880000263
5021958880000264
5021958880000264
5021958880000265
5021958880000265
5021958880000266
5021958880000266
5021958880000267
5021958880000267
5021958880000268
5021958880000268
5021958880000269
5021958880000269
5021958880000270
5021958880000270
5021958880000271
5021958880000271
5021958880000272
5021958880000272
5021958880000273
5021958880000273
5021958880000274
5021958880000274
5021958880000275
5021958880000275
5021958880000276
5021958880000276
5021958880000277
5021958880000277
5021958880000278
5021958880000278
5021958880000279
5021958880000279
5021958880000280
5021958880000280
5021958880000281
5021958880000281
5021958880000282
5021958880000282
5021958880000283
5021958880000283
5021958880000284
5021958880000284
5021958880000285
5021958880000285
5021958880000286
5021958880000286
5021958880000287
5021958880000287
5021958880000288
5021958880000288
5021958880000289
5021958880000289
5021958880000290
5021958880000290
5021958880000291
5021958880000291
5021958880000292
5021958880000292
5021958880000293
5021958880000293
5021958880000294
5021958880000294
5021958880000295
5021958880000295
5021958880000296
5021958880000296
5021958880000297
5021958880000297
5021958880000298
5021958880000298
5021958880000299
5021958880000299
5021958880000300
5021958880000300
5021958880000301
5021958880000301
5021958880000302
5021958880000302
5021958880000303
5021958880000303
5021958880000304
5021958880000304
5021958880000305
5021958880000305
5021958880000306
5021958880000306
5021958880000307
5021958880000307
5021958880000308
5021958880000308
5021958880000309
5021958880000309
5021958880000310
5021958880000310
5021958880000311
5021958880000311
5021958880000312
5021958880000312
5021958880000313
5021958880000313
5021958880000314
5021958880000314
5021958880000315
5021958880000315
5021958880000316
5021958880000316
5021958880000317
5021958880000317
5021958880000318
5021958880000318
5021958880000319
5021958880000319
5021958880000320
5021958880000320
5021958880000321
5021958880000321
5021958880000322
5021958880000322
5021958880000323
5021958880000323
5021958880000324
5021958880000324
5021958880000325
5021958880000325
5021958880000326
5021958880000326
5021958880000327
5021958880000327
5021958880000328
5021958880000328
5021958880000329
5021958880000329
5021958880000330
5021958880000330
5021958880000331
5021958880000331
5021958880000332
5021958880000332
5021958880000333
5021958880000333
5021958880000334
5021958880000334
5021958880000335
5021958880000335
5021958880000336
5021958880000336
5021958880000337
5021958880000337
5021958880000338
5021958880000338
5021958880000339
5021958880000339
5021958880000340
5021958880000340
5021958880000341
5021958880000341
5021958880000342
5021958880000342
5021958880000343
5021958880000343
5021958880000344
5021958880000344
5021958880000345
5021958880000345
5021958880000346
5021958880000346
5021958880000347
5021958880000347
5021958880000348
5021958880000348
5021958880000349
5021958880000349
5021958880000350
5021958880000350
5021958880000351
5021958880000351
5021958880000352
5021958880000352
5021958880000353
5021958880000353
5021958880000354
5021958880000354
5021958880000355
5021958880000355
5021958880000356
5021958880000356
5021958880000357
5021958880000357
5021958880000358
5021958880000358
5021958880000359
5021958880000359
5021958880000360
5021958880000360
5021958880000361
5021958880000361
5021958880000362
5021958880000362
5021958880000363
5021958880000363
5021958880000364
5021958880000364
5021958880000365
5021958880000365
5021958880000366
5021958880000366
5021958880000367
5021958880000367
5021958880000368
5021958880000368
5021958880000369
5021958880000369
5021958880000370
5021958880000370
5021958880000371
5021958880000371
5021958880000372
5021958880000372
5021958880000373
5021958880000373
5021958880000374
5021958880000374
5021958880000375
5021958880000375
5021958880000376
5021958880000376
5021958880000377
5021958880000377
5021958880000378
5021958880000378
5021958880000379
5021958880000379
5021958880000380
5021958880000380
5021958880000381
5021958880000381
5021958880000382
5021958880000382
5021958880000383
5021958880000383
5021958880000384
5021958880000384
5021958880000385
5021958880000385
5021958880000386
5021958880000386
5021958880000387
5021958880000387
5021958880000388
5021958880000388
5021958880000389
5021958880000389
5021958880000390
5021958880000390
5021958880000391
5021958880000391
5021958880000392
5021958880000392
5021958880000393
5021958880000393
5021958880000394
5021958880000394
5021958880000395
5021958880000395
5021958880000396
5021958880000396
5021958880000397
5021958880000397
5021958880000398
5021958880000398
5021958880000399
5021958880000399
5021958880000400
5021958880000400
5021958880000401
5021958880000401
5021958880000402
5021958880000402
5021958880000403
5021958880000403
5021958880000404
5021958880000404
5021958880000405
5021958880000405
5021958880000406
5021958880000406
5021958880000407
5021958880000407
5021958880000408
5021958880000408
5021958880000409
5021958880000409
5021958880000410
5021958880000410
5021958880000411
5021958880000411
5021958880000412
5021958880000412
5021958880000413
5021958880000413
5021958880000414
5021958880000414
5021958880000415
5021958880000415
5021958880000416
5021958880000416
5021958880000417
5021958880000417
5021958880000418
5021958880000418
5021958880000419
5021958880000419
5021958880000420
5021958880000420
5021958880000421
5021958880000421
5021958880000422
5021958880000422
5021958880000423
5021958880000423
5021958880000424
5021958880000424
5021958880000425
5021958880000425
5021958880000426
5021958880000426
5021958880000427
5021958880000427
5021958880000428
5021958880000428
5021958880000429
5021958880000429
5021958880000430
5021958880000430
5021958880000431
5021958880000431
5021958880000432
5021958880000432
5021958880000433
5021958880000433
5021958880000434
5021958880000434
5021958880000435
5021958880000435
5021958880000436
5021958880000436
5021958880000437
5021958880000437
5021958880000438
5021958880000438
5021958880000439
5021958880000439
5021958880000440
5021958880000440
5021958880000441
5021958880000441
5021958880000442
5021958880000442
5021958880000443
5021958880000443
5021958880000444
5021958880000444
5021958880000445
5021958880000445
5021958880000446
5021958880000446
5021958880000447
5021958880000447
5021958880000448
5021958880000448
5021958880000449
5021958880000449
5021958880000450
5021958880000450
5021958880000451
5021958880000451
5021958880000452
5021958880000452
5021958880000453
5021958880000453
5021958880000454
5021958880000454
5021958880000455
5021958880000455
5021958880000456
5021958880000456
5021958880000457
5021958880000457
5021958880000458
5021958880000458
5021958880000459
5021958880000459
5021958880000460
5021958880000460
5021958880000461
5021958880000461
5021958880000462
5021958880000462
5021958880000463
5021958880000463
5021958880000464
5021958880000464
5021958880000465
5021958880000465
5021958880000466
5021958880000466
5021958880000467
5021958880000467
5021958880000468
5021958880000468
5021958880000469
5021958880000469
5021958880000470
5021958880000470
5021958880000471
5021958880000471
5021958880000472
5021958880000472
5021958880000473
5021958880000473
5021958880000474
5021958880000474
5021958880000475
5021958880000475
5021958880000476
5021958880000476
5021958880000477
5021958880000477
5021958880000478
5021958880000478
5021958880000479
5021958880000479
5021958880000480
5021958880000480
5021958880000481
5021958880000481
5021958880000482
5021958880000482
5021958880000483
5021958880000483
5021958880000484
5021958880000484
5021958880000485
5021958880000485
5021958880000486
5021958880000486
5021958880000487
5021958880000487
5021958880000488
5021958880000488
5021958880000489
5021958880000489
5021958880000490
5021958880000490
5021958880000491
5021958880000491
5021958880000492
5021958880000492
5021958880000493
5021958880000493
5021958880000494
5021958880000494
5021958880000495
5021958880000495
5021958880000496
5021958880000496
5021958880000497
5021958880000497
5021958880000498
5021958880000498
5021958880000499
5021958880000499
5021958880000500
5021958880000500
5021958880000501
5021958880000501
5021958880000502
5021958880000502
5021958880000503
5021958880000503
5021958880000504
5021958880000504
5021958880000505
5021958880000505
5021958880000506
5021958880000506
5021958880000507
5021958880000507
5021958880000508
5021958880000508
5021958880000509
5021958880000509
5021958880000510
5021958880000510
5021958880000511
5021958880000511
5021958880000512
5021958880000512
5021958880000513
5021958880000513
5021958880000514
5021958880000514
5021958880000515
5021958880000515
5021958880000516
5021958880000516
5021958880000517
5021958880000517
5021958880000518
5021958880000518
5021958880000519
5021958880000519
5021958880000520
5021958880000520
5021958880000521
5021958880000521
5021958880000522
5021958880000522
5021958880000523
5021958880000523
5021958880000524
5021958880000524
5021958880000525
5021958880000525
5021958880000526
5021958880000526
5021958880000527
5021958880000527
5021958880000528
5021958880000528
5021958880000529
5021958880000529
5021958880000530
5021958880000530
5021958880000531
5021958880000531
5021958880000532
5021958880000532
5021958880000533
5021958880000533
5021958880000534
5021958880000534
5021958880000535
5021958880000535
5021958880000536
5021958880000536
5021958880000537
5021958880000537
5021958880000538
5021958880000538
5021958880000539
5021958880000539
5021958880000540
5021958880000540
5021958880000541
5021958880000541
5021958880000542
5021958880000542
5021958880000543
5021958880000543
5021958880000544
5021958880000544
5021958880000545
5021958880000545
5021958880000546
5021958880000546
5021958880000547
5021958880000547
5021958880000548
5021958880000548
5021958880000549
5021958880000549
5021958880000550
5021958880000550
5021958880000551
5021958880000551
5021958880000552
5021958880000552
5021958880000553
5021958880000553
5021958880000554
5021958880000554
5021958880000555
5021958880000555
5021958880000556
5021958880000556
5021958880000557
5021958880000557
5021958880000558
5021958880000558
5021958880000559
5021958880000559
5021958880000560
5021958880000560
5021958880000561
5021958880000561
5021958880000562
5021958880000562
5021958880000563
5021958880000563
5021958880000564
5021958880000564
5021958880000565
5021958880000565
5021958880000566
5021958880000566
5021958880000567
5021958880000567
5021958880000568
5021958880000568
5021958880000569
5021958880000569
5021958880000570
5021958880000570
5021958880000571
5021958880000571
5021958880000572
5021958880000572
5021958880000573
5021958880000573
5021958880000574
5021958880000574
5021958880000575
5021958880000575
5021958880000576
5021958880000576
5021958880000577
5021958880000577
5021958880000578
5021958880000578
5021958880000579
5021958880000579
5021958880000580
5021958880000580
5021958880000581
5021958880000581
5021958880000582
5021958880000582
5021958880000583
5021958880000583
5021958880000584
5021958880000584
5021958880000585
5021958880000585
5021958880000586
5021958880000586
5021958880000587
5021958880000587
5021958880000588
5021958880000588
5021958880000589
5021958880000589
5021958880000590
5021958880000590
5021958880000591
5021958880000591
5021958880000592
5021958880000592
5021958880000593
5021958880000593
5021958880000594
5021958880000594
5021958880000595
5021958880000595
5021958880000596
5021958880000596
5021958880000597
5021958880000597
5021958880000598
5021958880000598
5021958880000599
5021958880000599
5021958880000600
5021958880000600
5021958880000601
5021958880000601
5021958880000602
5021958880000602
5021958880000603
5021958880000603
5021958880000604
5021958880000604
5021958880000605
5021958880000605
5021958880000606
5021958880000606
5021958880000607
5021958880000607
5021958880000608
5021958880000608
5021958880000609
5021958880000609
5021958880000610
5021958880000610
5021958880000611
5021958880000611
5021958880000612
5021958880000612
5021958880000613
5021958880000613
5021958880000614
5021958880000614
5021958880000615
5021958880000615
5021958880000616
5021958880000616
5021958880000617
5021958880000617
5021958880000618
5021958880000618
5021958880000619
5021958880000619
5021958880000620
5021958880000620
5021958880000621
5021958880000621
5021958880000622
5021958880000622
5021958880000623
5021958880000623
5021958880000624
5021958880000624
5021958880000625
5021958880000625
5021958880000626
5021958880000626
5021958880000627
5021958880000627
5021958880000628
5021958880000628
5021958880000629
5021958880000629
5021958880000630
5021958880000630
5021958880000631
5021958880000631
5021958880000632
5021958880000632
5021958880000633
5021958880000633
5021958880000634
5021958880000634
5021958880000635
5021958880000635
5021958880000636
5021958880000636
5021958880000637
5021958880000637
5021958880000638
5021958880000638
5021958880000639
5021958880000639
5021958880000640
5021958880000640
5021958880000641
5021958880000641
5021958880000642
5021958880000642
5021958880000643
5021958880000643
5021958880000644
5021958880000644
5021958880000645
5021958880000645
5021958880000646
5021958880000646
5021958880000647
5021958880000647
5021958880000648
5021958880000648
5021958880000649
5021958880000649
5021958880000650
5021958880000650
5021958880000651
5021958880000651
5021958880000652
5021958880000652
5021958880000653
5021958880000653
5021958880000654
5021958880000654
5021958880000655
5021958880000655
5021958880000656
5021958880000656
5021958880000657
5021958880000657
5021958880000658
5021958880000658
5021958880000659
5021958880000659
5021958880000660
5021958880000660
5021958880000661
5021958880000661
5021958880000662
5021958880000662
5021958880000663
5021958880000663
5021958880000664
5021958880000664
5021958880000665
5021958880000665
5021958880000666
5021958880000666
5021958880000667
5021958880000667
5021958880000668
5021958880000668
5021958880000669
5021958880000669
5021958880000670
5021958880000670
5021958880000671
5021958880000671
5021958880000672
5021958880000672
5021958880000673
5021958880000673
5021958880000674
5021958880000674
5021958880000675
5021958880000675
5021958880000676
5021958880000676
5021958880000677
5021958880000677
5021958880000678
5021958880000678
5021958880000679
5021958880000679
5021958880000680
5021958880000680
5021958880000681
5021958880000681
5021958880000682
5021958880000682
5021958880000683
5021958880000683
5021958880000684
5021958880000684
5021958880000685
5021958880000685
5021958880000686
5021958880000686
5021958880000687
5021958880000687
5021958880000688
5021958880000688
5021958880000689
5021958880000689
5021958880000690
5021958880000690
5021958880000691
5021958880000691
5021958880000692
5021958880000692
5021958880000693
5021958880000693
5021958880000694
5021958880000694
5021958880000695
5021958880000695
5021958880000696
5021958880000696
5021958880000697
5021958880000697
5021958880000698
5021958880000698
5021958880000699
5021958880000699
5021958880000700
5021958880000700
5021958880000701
5021958880000701
5021958880000702
5021958880000702
5021958880000703
5021958880000703
5021958880000704
5021958880000704
5021958880000705
5021958880000705
5021958880000706
5021958880000706
5021958880000707
5021958880000707
5021958880000708
5021958880000708
5021958880000709
5021958880000709
5021958880000710
5021958880000710
5021958880000711
5021958880000711
5021958880000712
5021958880000712
5021958880000713
5021958880000713
5021958880000714
5021958880000714
5021958880000715
5021958880000715
5021958880000716
5021958880000716
5021958880000717
5021958880000717
5021958880000718
5021958880000718
5021958880000719
5021958880000719
5021958880000720
5021958880000720
5021958880000721
5021958880000721
5021958880000722
5021958880000722
5021958880000723
5021958880000723
5021958880000724
5021958880000724
5021958880000725
5021958880000725
5021958880000726
5021958880000726
5021958880000727
5021958880000727
5021958880000728
5021958880000728
5021958880000729
5021958880000729
5021958880000730
5021958880000730
5021958880000731
5021958880000731
5021958880000732
5021958880000732
5021958880000733
5021958880000733
5021958880000734
5021958880000734
5021958880000735
5021958880000735
5021958880000736
5021958880000736
5021958880000737
5021958880000737
5021958880000738
5021958880000738
5021958880000739
5021958880000739
5021958880000740
5021958880000740
5021958880000741
5021958880000741
5021958880000742
5021958880000742
5021958880000743
5021958880000743
5021958880000744
5021958880000744
5021958880000745
5021958880000745
5021958880000746
5021958880000746
5021958880000747
5021958880000747
5021958880000748
5021958880000748
5021958880000749
5021958880000749
5021958880000750
5021958880000750
5021958880000751
5021958880000751
5021958880000752
5021958880000752
5021958880000753
5021958880000753
5021958880000754
5021958880000754
5021958880000755
5021958880000755
5021958880000756
5021958880000756
5021958880000757
5021958880000757
5021958880000758
5021958880000758
5021958880000759
5021958880000759
5021958880000760
5021958880000760
5021958880000761
5021958880000761
5021958880000762
5021958880000762
5021958880000763
5021958880000763
5021958880000764
5021958880000764
5021958880000765
5021958880000765
5021958880000766
5021958880000766
5021958880000767
5021958880000767
5021958880000768
5021958880000768
5021958880000769
5021958880000769
5021958880000770
5021958880000770
5021958880000771
5021958880000771
5021958880000772
5021958880000772
50219588800